技能（存放在skill[5][10]陣列）：
skill[０][]：主角
skill[０][０]：大鐵鎚　攻擊力加成:1
skill[１][]：劍士

skill[２][]：弓手

skill[３][]：法師

skill[４][]：盜賊


戰鬥地圖樣板：

1012141618202224262830323436384042444648
˙˙˙˙˙˙˙˙˙˙˙˙˙˙˙˙˙˙˙˙5
˙ＮＡＭＥ：小火球　　ＬＶ：１００　　˙6
˙ＨＰ：９９９９９／９９９９９　　　　˙7
˙ＭＰ：９９９９９／９９９９９　　　　˙8
˙˙˙˙˙˙˙˙˙˙˙˙˙˙˙˙˙˙˙˙9
˙此區域顯示戰鬥過程　　　　　　　　　˙10
˙　　　　　　　　　　　　　　　　　　˙11
˙　　　　　　　　　　　　　　　　　　˙12
˙　　　　　　　　　　　　　　　　　　˙13
˙　　　　　　　　　　　　　　　　　　˙14
˙　　　　　　　　　　　　　　　　　　˙15
˙　　　　　　　　　　　　　　　　　　˙16
˙˙˙˙˙˙˙˙˙˙˙˙˙˙˙˙˙˙˙˙17
˙我是傳說　　　　　　ＬＶ：１００　　˙18
˙ＨＰ：９９９９９／９９９９９　　　　˙19
˙ＭＰ：９９９９９／９９９９９　　　　˙20
˙˙˙˙˙˙˙˙˙˙˙˙˙˙˙˙˙˙˙˙21
˙◎技能一　　◎技能二　˙◎戰鬥◎道具˙22
˙◎技能三　　◎技能四　˙◎角色◎逃跑˙23
˙˙˙˙˙˙˙˙˙˙˙˙˙˙˙˙˙˙˙˙24


陣列配置（２０＊２０）：

0,0,0,0,0,0,0,0,0,0,0,0,0,0,0,0,0,0,0,0
0,6,6,6,6,6,6,6,6,6,6,6,6,6,6,6,6,6,6,0
0,6,6,6,6,6,6,6,6,6,6,6,6,6,6,6,6,6,6,0
0,6,6,6,6,6,6,6,6,6,6,6,6,6,6,6,6,6,6,0
0,0,0,0,0,0,0,0,0,0,0,0,0,0,0,0,0,0,0,0
0,6,6,6,6,6,6,6,6,6,6,6,6,6,6,6,6,6,6,0
0,6,6,6,6,6,6,6,6,6,6,6,6,6,6,6,6,6,6,0
0,6,6,6,6,6,6,6,6,6,6,6,6,6,6,6,6,6,6,0
0,6,6,6,6,6,6,6,6,6,6,6,6,6,6,6,6,6,6,0
0,6,6,6,6,6,6,6,6,6,6,6,6,6,6,6,6,6,6,0
0,6,6,6,6,6,6,6,6,6,6,6,6,6,6,6,6,6,6,0
0,6,6,6,6,6,6,6,6,6,6,6,6,6,6,6,6,6,6,0
0,0,0,0,0,0,0,0,0,0,0,0,0,0,0,0,0,0,0,0
0,6,6,6,6,6,6,6,6,6,6,6,6,6,6,6,6,6,6,0
0,6,6,6,6,6,6,6,6,6,6,6,6,6,6,6,6,6,6,0
0,6,6,6,6,6,6,6,6,6,6,6,6,6,6,6,6,6,6,0
0,0,0,0,0,0,0,0,0,0,0,0,0,0,0,0,0,0,0,0
0,6,6,6,6,6,6,6,6,6,6,6,0,6,6,6,6,6,6,0
0,6,6,6,6,6,6,6,6,6,6,6,0,6,6,6,6,6,6,0
0,0,0,0,0,0,0,0,0,0,0,0,0,0,0,0,0,0,0,0


遊戲地圖相關：

0:邊框˙
1:草地＊
2:石頭●
3:NPC※
4:磚頭口
5:傳送點◎
6:空白
7:商店＄
8:中心┼
主角＠

map2:   
        0,0,0,0,0,0,0,0,0,0,
        0,6,6,6,6,6,6,6,6,0,
        0,6,1,1,6,6,1,1,6,0,
        0,6,1,1,6,6,1,1,6,0,
        0,6,6,6,6,6,6,6,6,0,
        0,6,3,1,1,1,1,1,6,0,
        0,6,1,1,1,1,1,1,6,0,
        0,6,1,1,1,1,1,1,6,0,
        0,5,6,6,6,6,6,6,5,0,
        0,0,0,0,0,0,0,0,0,0,
map1:
        0,0,0,0,0,0,0,0,0,0,
        0,6,6,6,6,6,6,6,6,0,
        0,6,1,1,1,1,1,1,6,0,
        0,6,1,1,1,1,1,1,6,0,
        0,6,6,6,6,6,6,6,6,0,
        0,6,4,5,4,2,4,4,6,0,
        0,6,4,4,4,2,4,5,6,0,
        0,6,4,4,4,2,4,4,6,0,
        0,5,6,6,6,6,6,6,5,0,
        0,0,0,0,0,0,0,0,0,0,

map3:   
        0,0,0,0,0,0,0,0,0,0,
        0,5,1,1,1,1,1,1,1,0,
        0,1,2,2,2,2,2,2,1,0,
        0,1,1,1,1,1,1,1,1,0,
        0,6,6,6,6,6,6,6,6,0,
        0,6,1,2,2,2,2,1,6,0,
        0,6,1,2,2,2,2,1,6,0,
        0,6,1,2,2,2,2,1,6,0,
        0,6,6,6,6,6,6,6,3,0,
        0,0,0,0,0,0,0,0,0,0,